6816            1101010100000 15240 2,4,1,3,7 111011001100010 7100
6847            1101010111111 15277 2,4,1,3,7 111011001100010 7100
268960    1000001101010100000 1015240 2,4,1,3,7,7,7 111111111011001100010 302012
268991    1000001101010111111 1015277 2,4,1,3,7,7,7 111111111011001100010 302012
531104   10000001101010100000 2015240 2,4,1,3,7,4,5 101100111011001100010 498620
531135   10000001101010111111 2015277 2,4,1,3,7,4,5 101100111011001100010 498620
793248   11000001101010100000 3015240 2,4,1,3,7,5,6 110101111011001100010 859068
793279   11000001101010111111 3015277 2,4,1,3,7,5,6 110101111011001100010 859068
942783   11100110001010111111 3461277 2,4,1,3,7,2,6 110010111011001100010 924604
975551   11101110001010111111 3561277 2,4,1,3,7,3,6 110011111011001100010 957372
1008319  11110110001010111111 3661277 2,4,1,3,7,0,6 110000111011001100010 990140
1041087  11111110001010111111 3761277 2,4,1,3,7,0,6 110000111011001100010 990140
1055392 100000001101010100000 4015240 2,4,1,3,7,2,2 10010111011001100010 1186748
1055423 100000001101010111111 4015277 2,4,1,3,7,2,2 10010111011001100010 1186748
1071776 100000101101010100000 4055240 2,4,1,3,7,2,2 10010111011001100010 1186748
1071807 100000101101010111111 4055277 2,4,1,3,7,2,2 10010111011001100010 1186748
1072749 100000101111001101101 4057155 2,4,1,3,7,2,2 10010111011001100010 1186748
1072831 100000101111010111111 4057277 2,4,1,3,7,2,2 10010111011001100010 1186748
1138285 100010101111001101101 4257155 2,4,1,3,7,5,2 10101111011001100010 1121212
1138367 100010101111010111111 4257277 2,4,1,3,7,5,2 10101111011001100010 1121212
1203821 100100101111001101101 4457155 2,4,1,3,7,2,2 10010111011001100010 1186748
1203903 100100101111010111111 4457277 2,4,1,3,7,2,2 10010111011001100010 1186748
1269357 100110101111001101101 4657155 2,4,1,3,7,1,2 10001111011001100010 1285052
1269439 100110101111010111111 4657277 2,4,1,3,7,1,2 10001111011001100010 1285052
1317536 101000001101010100000 5015240 2,4,1,3,7,3,3 11011111011001100010 1481660
1317567 101000001101010111111 5015277 2,4,1,3,7,3,3 11011111011001100010 1481660
1579680 110000001101010100000 6015240 2,4,1,3,7,0,0 111011001100010 1776572
1579711 110000001101010111111 6015277 2,4,1,3,7,0,0 111011001100010 1776572
1841824 111000001101010100000 7015240 2,4,1,3,7,1,1 1001111011001100010 2071484
1841855 111000001101010111111 7015277 2,4,1,3,7,1,1 1001111011001100010 2071484
1991359 111100110001010111111 7461277 2,4,1,3,7,2,1 1010111011001100010 1973180
2024127 111101110001010111111 7561277 2,4,1,3,7,3,1 1011111011001100010 2005948
2056895 111110110001010111111 7661277 2,4,1,3,7,1,1 1001111011001100010 2071484
2089663 111111110001010111111 7761277 2,4,1,3,7,2,1 1010111011001100010 1973180
